───────────────────────────────────────────────────────────────────────────────
Language            Files       Lines    Blanks  Comments       Code Complexity
───────────────────────────────────────────────────────────────────────────────
Markdown            1,603     784,058   177,391         0    606,667          0
Python                502     115,874    14,297    16,824     84,753      7,089
YAML                  109      27,785     1,169       395     26,221          0
HTML                  104      34,289     2,733       537     31,019          0
Plain Text             68      46,256     6,071         0     40,185          0
JSON                   52     344,948        10         0    344,938          0
TOML                   39       1,203       111        35      1,057         20
JavaScript             38      10,648     1,072     1,299      8,277        706
C#                     16       3,215       460       575      2,180        251
CSS                    16       4,263       496       143      3,624          0
SVG                    14         656        27        29        600          3
TypeScript             13         554        41         2        511         51
CSV                     8         925         0         0        925          0
Powershell              8       1,321       125        94      1,102        152
Shell                   8       1,102       137       279        686         81
Kotlin                  6         234        31         0        203          9
XML                     5         327        10        10        307          0
Dockerfile              4          67         4         3         60          4
Batch                   3         445        87        33        325         56
License                 2          42         8         0         34          0
Properties File         2          10         0         0         10          0
Rust                    2         199        18         1        180         21
Docker ignore           1          42         3         4         35          0
HCL                     1          85         4         2         79          0
JSONL                   1          95         0         0         95          0
Patch                   1          51         0         0         51          0
Smarty Template         1          85         8         0         77         10
TeX                     1       1,181       226        45        910         51
───────────────────────────────────────────────────────────────────────────────
Total               2,628   1,379,960   204,539    20,310  1,155,111      8,504
───────────────────────────────────────────────────────────────────────────────
Estimated Cost to Develop (organic) $44,396,653
Estimated Schedule Effort (organic) 58.13 months
Estimated People Required (organic) 67.85
───────────────────────────────────────────────────────────────────────────────
Processed 58493034 bytes, 58.493 megabytes (SI)
───────────────────────────────────────────────────────────────────────────────
